Some((
    red: 0.23914653,
    green: 0.2314343,
    blue: 0.22757818,
))