Some((
    red: 0.83137256,
    green: 0.74509805,
    blue: 0.59607846,
))