Some((
    red: 0.96202534,
    green: 0.6037897,
    blue: 0.39639008,
))